LMS1    4435.300    102.996     0.584       5056.066    151.776     1.178       
LMS2    11256.071   156.264     0.793       4760.241    120.274     1.262       
LMS3    2714.688    89.975      0.128       5848.767    152.907     1.599       
W1      9671.905    171.885     1.341       11025.589   4090.290    20838.018   
W2      5345.794    111.194     0.279       6093.994    2260.760    11517.458   
W3      6096.108    112.828     1.556       6949.322    2578.070    13134.000   
W4      8283.788    133.832     1.370       9443.190    3503.250    17847.334   
W5      6596.171    127.000     1.324       7519.374    2789.549    14211.381   
W6      1973.692    72.299      1.210       2249.931    834.683     4252.299    
W7      9064.122    165.311     0.907       10332.740   3833.256    19528.555   
W8      3308.078    83.825      0.856       3771.078    1399.001    7127.220    
W9      1818.230    65.365      0.750       2072.710    768.937     3917.356    
W10     2669.337    76.908      0.846       3042.938    1128.874    5751.058    
W11     5351.151    100.126     0.238       6100.100    2263.025    11528.998   
W12     3715.006    84.834      1.046       4234.960    1571.092    8003.942    
W13     5171.168    104.190     0.547       5894.927    2186.909    11141.227   
W14     4375.618    88.123      1.257       4988.032    1850.468    9427.223    
W15     6470.557    133.552     1.112       7376.179    2736.427    13940.747   
W16     4757.756    96.763      0.749       5423.653    2012.075    10250.535   
W17     7297.819    121.440     1.268       8319.225    3086.279    15723.073   
W18     465.212     43.034      30.892      530.323     196.740     1002.294    
W19     5183.560    103.799     0.739       5909.053    2192.150    11167.926   
W20     4156.104    89.314      0.516       4737.794    1757.634    8954.282    
W21     3400.192    85.685      1.585       3876.084    1437.956    7325.677    
W22     6467.529    142.868     0.545       7372.727    2735.146    13934.223   
W23     4603.096    108.565     0.755       5247.348    1946.669    9917.322    
W24     4576.254    100.908     1.494       5216.749    1935.318    9859.490    
W25     4888.109    158.098     3.372       5572.251    2067.202    10531.380   
W26     5911.811    116.717     1.066       6739.230    2500.130    12736.935   
W27     3697.215    84.626      1.258       4214.678    1563.568    7965.610    
W28     3423.314    80.543      0.105       3902.443    1447.734    7375.495    
W29     4141.955    94.726      1.790       4721.665    1751.650    8923.798    
W30     5729.286    96.419      1.705       6531.160    2422.940    12343.687   
W31     5859.850    113.151     0.921       6679.997    2478.156    12624.985   
W32     6636.809    116.074     0.707       7565.699    2806.735    14298.934   
W33     4407.208    87.939      0.280       5024.043    1863.827    9495.283    
W34     7325.932    127.353     1.821       8351.272    3098.168    15783.644   
W35     6295.776    115.462     0.252       7176.936    2662.511    13564.183   
W36     3532.820    84.231      0.446       4027.275    1494.045    7611.423    
W37     4090.696    87.505      0.991       4663.231    1729.973    8813.361    
W38     3968.591    81.118      4.365       4524.036    1678.334    8550.286    
W39     5866.430    105.196     2.419       6687.498    2480.938    12639.161   
W40     6108.309    102.698     1.955       6963.230    2583.230    13160.287   
W41     4335.984    94.202      0.289       4942.850    1833.706    9341.831    
W42     2885.903    70.965      1.129       3289.815    1220.461    6217.647    
W43     6870.090    119.672     1.043       7831.630    2905.391    14801.536   
W44     6628.318    126.706     1.284       7556.021    2803.144    14280.642   
W45     4837.812    90.387      2.841       5514.915    2045.932    10423.016   
W46     6097.847    110.641     1.820       6951.304    2578.806    13137.746   
W47     5755.689    102.683     0.293       6561.258    2434.106    12400.571   
W48     1708.905    66.014      0.315       1948.084    722.703     3681.818    
W49     4196.188    100.833     2.345       4783.489    1774.586    9040.644    
W50     7187.571    122.082     0.582       8193.546    3039.655    15485.545   
W51     4971.990    99.204      0.773       5667.872    2102.676    10712.101   
W52     5338.382    103.041     1.817       6085.544    2257.625    11501.487   
W53     1931.854    61.043      0.662       2202.237    816.989     4162.158    
W54     4886.894    96.607      1.685       5570.865    2066.688    10528.761   
W55     2328.636    61.469      0.062       2654.553    984.790     5017.021    
W56     5742.257    119.194     0.436       6545.946    2428.425    12371.633   
W57     4827.972    100.362     1.566       5503.697    2041.770    10401.815   
W58     6396.324    116.950     0.878       7291.556    2705.033    13780.812   
W59     4065.834    88.945      1.208       4634.890    1719.459    8759.796    
W60     7365.028    117.836     0.744       8395.841    3114.702    15867.876   
W61     4123.332    88.003      0.129       4700.436    1743.775    8883.675    
W62     4619.535    95.060      1.199       5266.087    1953.621    9952.739    
W63     5797.354    109.313     0.926       6608.753    2451.726    12490.337   
W64     4651.158    93.223      1.313       5302.136    1966.995    10020.870   
W65     7289.759    130.993     0.797       8310.036    3082.870    15705.708   
W66     7816.424    143.802     1.253       8910.414    3305.599    16840.402   
W67     7204.266    120.371     2.472       8212.578    3046.715    15521.516   
W68     6258.245    114.321     0.673       7134.151    2646.639    13483.322   
W69     4248.466    93.984      1.454       4843.083    1796.694    9153.274    
W70     3755.411    84.874      1.469       4281.021    1588.180    8090.994    
W71     5089.311    97.324      2.196       5801.613    2152.291    10964.866   
W72     4101.229    91.451      1.348       4675.239    1734.427    8836.055    
W73     5159.571    106.356     1.127       5881.707    2182.005    11116.241   
W74     6034.588    109.958     0.975       6879.192    2552.053    13001.457   
W75     7611.483    136.120     0.812       8676.790    3218.929    16398.861   
W76     7274.596    133.805     2.018       8292.752    3076.458    15673.041   
W77     4179.764    91.657      0.779       4764.766    1767.640    9005.258    
W78     5615.564    102.695     2.006       6401.521    2374.846    12098.673   
W79     5306.686    101.582     2.328       6049.412    2244.220    11433.198   
W80     6095.019    109.932     0.458       6948.081    2577.610    13131.654   
W81     3829.000    90.643      2.231       4364.909    1619.301    8249.541    
W82     3801.707    84.647      4.057       4333.795    1607.758    8190.736    
W83     3882.818    89.806      0.356       4426.258    1642.060    8365.489    
W84     3428.691    84.515      0.625       3908.572    1450.008    7387.079    
W85     2937.338    80.855      2.249       3348.449    1242.213    6328.464    
W86     1213.282    58.080      0.400       1383.094    513.102     2614.004    
W87     4083.250    101.589     0.612       4654.744    1726.824    8797.319    
W88     4555.182    99.649      1.559       5192.727    1926.406    9814.091    
W89     5938.493    109.488     0.785       6769.647    2511.414    12794.421   
W90     3180.892    79.072      2.179       3626.091    1345.213    6853.199    
W91     2009.285    66.367      2.345       2290.505    849.735     4328.983    
W92     4905.113    104.377     0.725       5591.634    2074.393    10568.014   
W93     3065.918    69.854      0.825       3495.025    1296.590    6605.488    
W94     7717.681    117.645     0.857       8797.851    3263.840    16627.662   
W95     3824.382    87.514      0.186       4359.644    1617.348    8239.590    
W96     4005.862    88.987      0.523       4566.524    1694.096    8630.588    
W97     6134.534    109.770     0.993       6993.126    2594.321    13216.789   
W98     6580.928    122.432     0.703       7501.998    2783.103    14178.540   
W99     7334.475    133.506     0.613       8361.012    3101.781    15802.049   
W100    5549.889    107.862     1.248       6326.653    2347.072    11957.177   
W101    5097.905    105.943     0.586       5811.410    2155.926    10983.382   
W102    6015.497    117.562     0.492       6857.429    2543.979    12960.325   
W103    7933.631    129.554     0.690       9044.025    3355.167    17092.926   
W104    4412.660    95.372      1.325       5030.258    1866.133    9507.029    
W105    5053.049    115.758     0.324       5760.276    2136.956    10886.740   
W106    3702.713    88.551      0.966       4220.946    1565.893    7977.457    
W107    8805.309    167.960     1.369       10037.703   3723.803    18970.943   
W108    7942.292    146.827     0.978       9053.899    3358.830    17111.586   
W109    5306.344    113.682     1.421       6049.022    2244.076    11432.463   
W110    5159.292    110.079     1.149       5881.389    2181.887    11115.641   
W111    4361.428    91.572      0.905       4971.855    1844.467    9396.651    
W112    5671.135    109.605     0.513       6464.870    2398.347    12218.401   
W113    3174.055    76.578      0.230       3618.297    1342.322    6838.468    
W114    4764.060    97.299      0.722       5430.840    2014.741    10264.117   
W115    5434.409    120.220     0.338       6195.011    2298.235    11708.376   
W116    1638.538    71.148      2.135       1867.869    692.945     3530.213    
W117    2935.901    77.351      0.438       3346.811    1241.605    6325.367    
W118    5757.337    110.995     1.299       6563.137    2434.803    12404.123   
W119    3120.105    78.204      1.814       3556.797    1319.506    6722.234    
W120    3279.055    79.656      1.203       3737.993    1386.726    7064.689    
W121    6323.588    132.299     0.927       7208.640    2674.272    13624.104   
W122    8297.050    132.957     0.300       9458.309    3508.858    17875.906   
W123    5775.611    101.596     0.846       6583.968    2442.531    12443.493   
W124    4541.981    102.389     1.095       5177.679    1920.823    9785.650    
W125    5613.149    116.079     1.326       6398.768    2373.825    12093.471   
W126    4116.643    88.031      0.418       4692.810    1740.946    8869.264    
W127    3239.617    82.361      0.550       3693.035    1370.048    6979.721    
W128    3904.031    89.536      1.586       4450.441    1651.031    8411.193    
W129    7295.853    123.543     0.915       8316.983    3085.448    15718.837   
W130    1349.482    61.709      0.186       1538.356    570.702     2907.445    
W131    5077.035    100.993     0.665       5787.619    2147.100    10938.419   
W132    4198.498    89.405      0.249       4786.121    1775.563    9045.618    
W133    6528.244    125.603     1.748       7441.940    2760.823    14065.033   
W134    4556.896    106.352     1.040       5194.681    1927.131    9817.783    
W135    6988.602    113.796     0.794       7966.730    2955.510    15056.869   
W136    5822.059    105.952     1.437       6636.917    2462.174    12543.564   
W137    5363.910    98.757      0.702       6114.645    2268.420    11556.486   
W138    7128.886    127.836     1.175       8126.648    3014.837    15359.110   
W139    3354.689    90.773      1.700       3824.213    1418.713    7227.643    
W140    4708.994    102.663     0.297       5368.066    1991.454    10145.477   
W141    3927.778    93.803      0.715       4477.512    1661.074    8462.356    
W142    5939.912    107.732     1.110       6771.264    2512.014    12797.477   
W143    6660.684    113.331     2.279       7592.917    2816.832    14350.373   
W144    5384.549    112.876     1.086       6138.173    2277.149    11600.954   
W145    3192.340    81.547      0.947       3639.141    1350.054    6877.862    
W146    4123.807    87.231      0.553       4700.977    1743.976    8884.698    
W147    3460.658    91.704      0.498       3945.013    1463.527    7455.952    
W148    7646.695    120.819     0.785       8716.930    3233.820    16474.725   
W149    3849.945    90.286      0.937       4388.785    1628.158    8294.666    
W150    1979.020    64.521      0.036       2256.005    836.936     4263.778    
W151    3023.605    76.292      0.253       3446.790    1278.696    6514.326    
W152    6103.224    110.188     0.442       6957.434    2581.080    13149.332   
W153    4144.270    92.189      2.113       4724.303    1752.629    8928.785    
W154    4416.220    93.059      0.143       5034.316    1867.638    9514.698    
W155    6192.498    110.014     0.586       7059.202    2618.834    13341.671   
W156    2680.373    78.731      0.698       3055.519    1133.541    5774.834    
W157    4700.827    105.602     0.967       5358.756    1988.000    10127.881   
W158    5328.208    102.976     0.931       6073.946    2253.322    11479.567   
W159    4128.166    84.919      0.111       4705.946    1745.819    8894.090    
W160    2274.370    70.581      0.730       2592.692    961.841     4900.107    
W161    5916.587    102.456     0.314       6744.675    2502.150    12747.224   
W162    2526.278    81.744      1.804       2879.856    1068.374    5442.838    
W163    3446.238    85.565      0.755       3928.574    1457.429    7424.882    
W164    7752.879    128.588     1.174       8837.976    3278.726    16703.496   
W165    6953.364    121.819     0.162       7926.560    2940.608    14980.950   
W166    3394.341    90.935      1.487       3869.414    1435.481    7313.071    
W167    1785.158    70.900      2.283       2035.010    754.951     3846.104    
W168    2697.320    75.641      0.345       3074.838    1140.708    5811.348    
W169    4219.304    88.126      1.061       4809.840    1784.362    9090.446    
W170    3821.679    84.489      2.744       4356.563    1616.205    8233.768    
W171    6961.962    118.264     1.209       7936.361    2944.244    14999.474   
W172    3299.054    100.398     1.810       3760.791    1395.184    7107.777    
W173    6065.024    109.142     0.313       6913.887    2564.925    13067.030   
W174    3845.283    88.018      1.353       4383.471    1626.187    8284.622    
W175    6669.737    125.900     0.795       7603.236    2820.660    14369.878   
W176    4920.573    99.957      2.569       5609.258    2080.931    10601.322   
W177    6184.650    108.629     0.795       7050.257    2615.515    13324.764   
W178    5482.095    116.314     1.370       6249.371    2318.401    11811.115   
W179    4464.832    93.884      1.889       5089.732    1888.197    9619.434    
W180    4542.209    89.935      0.723       5177.939    1920.920    9786.143    
W181    4586.153    92.261      0.295       5228.033    1939.504    9880.817    
W182    4058.864    88.602      0.597       4626.944    1716.511    8744.778    
W183    2483.281    74.948      3.367       2830.842    1050.190    5350.203    
W184    3825.245    90.541      1.731       4360.628    1617.713    8241.449    
W185    6250.298    106.924     1.404       7125.093    2643.278    13466.202   
W186    6085.208    113.892     0.804       6936.896    2573.460    13110.516   
W187    2326.825    76.980      0.330       2652.488    984.024     5013.120    
W188    3303.240    80.198      1.922       3765.563    1396.954    7116.796    
W189    4918.493    95.805      0.867       5606.887    2080.052    10596.841   
W190    5318.924    112.653     1.877       6063.363    2249.396    11459.565   
W191    5389.685    101.762     3.528       6144.028    2279.321    11612.020   
W192    4688.427    96.284      0.429       5344.622    1982.756    10101.167   
W193    2994.513    78.312      2.796       3413.627    1266.393    6451.647    
W194    2904.191    77.963      1.194       3310.662    1228.195    6257.048    
W195    5089.610    101.495     0.473       5801.954    2152.418    10965.511   
W196    2146.856    62.429      0.698       2447.331    907.915     4625.378    
W197    5622.921    107.407     1.901       6409.908    2377.958    12114.524   
W198    2742.070    81.711      1.151       3125.851    1159.633    5907.760    
W199    4600.485    91.348      1.263       5244.371    1945.565    9911.696    
W200    3538.742    89.547      0.893       4034.025    1496.549    7624.182    
W201    8321.772    144.408     0.435       9486.491    3519.313    17929.170   
W202    2911.840    75.211      0.829       3319.383    1231.430    6273.529    
W203    6520.042    115.388     0.956       7432.589    2757.354    14047.360   
W204    4926.000    96.926      0.708       5615.444    2083.226    10613.014   
W205    6741.178    147.292     1.073       7684.676    2850.873    14523.796   
W206    4645.120    93.616      0.792       5295.253    1964.441    10007.862   
W207    6863.946    121.960     0.710       7824.627    2902.792    14788.300   
W208    4602.942    100.505     0.926       5247.171    1946.604    9916.989    
W209    4628.729    95.466      0.377       5276.568    1957.509    9972.548    
W210    3374.236    80.237      0.461       3846.496    1426.979    7269.756    
W211    7971.887    131.326     1.356       9087.636    3371.345    17175.348   
W212    5930.807    118.973     0.740       6760.885    2508.164    12777.860   
W213    6829.461    118.579     0.365       7785.316    2888.209    14714.002   
W214    5207.342    95.097      0.687       5936.164    2202.207    11219.163   
W215    7995.691    133.234     0.841       9114.771    3381.412    17226.633   
W216    6809.807    117.780     1.461       7762.911    2879.897    14671.657   
W217    3984.056    89.345      2.003       4541.667    1684.875    8583.606    
W218    3031.426    82.224      0.653       3455.706    1282.003    6531.175    
W219    4431.254    95.133      0.951       5051.455    1873.997    9547.091    
W220    7242.161    122.129     0.860       8255.777    3062.741    15603.159   
W221    6089.042    98.129      0.225       6941.267    2575.082    13118.776   
W222    3163.375    74.800      0.296       3606.123    1337.805    6815.458    
W223    3884.661    81.149      0.979       4428.360    1642.840    8369.461    
W224    6119.589    111.616     1.059       6976.090    2588.001    13184.591   
W225    3752.549    87.535      0.318       4277.758    1586.969    8084.828    
W226    3338.870    88.521      0.584       3806.179    1412.022    7193.559    
W227    5649.653    106.362     1.460       6440.381    2389.262    12172.117   
W228    3129.033    87.889      0.323       3566.974    1323.281    6741.468    
W229    5699.790    108.613     1.586       6497.535    2410.466    12280.138   
W230    5183.091    98.650      0.546       5908.519    2191.951    11166.914   
W231    6721.741    119.914     0.229       7662.519    2842.653    14481.920   
W232    5511.067    97.142      1.772       6282.398    2330.654    11873.535   
W233    5843.279    102.286     3.028       6661.107    2471.148    12589.283   
W234    4153.967    95.427      0.629       4735.358    1756.731    8949.679    
W235    6355.780    113.986     0.413       7245.338    2687.887    13693.461   
W236    8853.068    153.064     0.870       10092.147   3744.001    19073.842   
W237    4294.224    95.011      0.407       4895.245    1816.046    9251.859    
W238    6271.776    102.135     2.132       7149.576    2652.361    13512.475   
W239    4922.591    98.308      0.346       5611.559    2081.785    10605.671   
W240    8727.767    133.198     1.000       9949.309    3691.010    18803.881   
W241    3196.835    81.073      0.410       3644.266    1351.955    6887.548    
W242    6929.723    126.018     0.669       7899.609    2930.610    14930.015   
W243    2726.645    73.713      1.492       3108.267    1153.110    5874.527    
W244    3091.126    78.393      0.179       3523.761    1307.250    6659.798    
W245    6699.298    116.105     0.410       7636.935    2833.162    14433.567   
W246    5193.104    94.473      0.561       5919.933    2196.186    11188.486   
W247    2682.682    75.222      1.419       3058.152    1134.518    5779.811    
W248    5192.135    93.953      0.826       5918.829    2195.776    11186.400   
W249    6447.630    113.867     2.448       7350.043    2726.731    13891.352   
W250    5185.103    98.841      1.028       5910.812    2192.802    11171.250   
W251    3313.345    91.921      1.490       3777.083    1401.228    7138.568    
W252    4479.719    102.024     0.854       5106.703    1894.493    9651.508    
W253    1769.899    67.218      1.811       2017.615    748.498     3813.229    
W254    6363.162    95.867      0.779       7253.752    2691.009    13709.364   
W255    4276.877    85.887      1.181       4875.471    1808.710    9214.487    
W256    4837.152    107.225     0.915       5514.162    2045.653    10421.594   
W257    5949.110    102.797     1.311       6781.750    2515.904    12817.295   
W258    5259.461    93.134      0.701       5995.578    2224.249    11331.454   
W259    3945.448    87.521      0.550       4497.655    1668.547    8500.426    
W260    4333.358    103.412     0.565       4939.857    1832.596    9336.175    
W261    3898.651    79.120      4.560       4444.308    1648.756    8399.603    
W262    4044.773    84.291      0.265       4610.881    1710.552    8714.420    
W263    7235.334    138.244     0.675       8247.994    3059.854    15588.450   
W264    4909.083    95.336      0.529       5596.161    2076.073    10576.568   
W265    5764.256    99.192      0.949       6571.024    2437.729    12419.029   
W266    6576.025    114.870     0.876       7496.408    2781.029    14167.977   
W267    4886.289    96.951      1.317       5570.176    2066.433    10527.458   
W268    2886.565    68.713      1.016       3290.570    1220.741    6219.074    
W269    5558.817    102.953     2.270       6336.832    2350.848    11976.413   
W270    4923.181    114.544     2.538       5612.231    2082.034    10606.940   
W271    5758.562    96.732      1.566       6564.533    2435.321    12406.762   
W272    4353.288    86.149      0.520       4962.576    1841.024    9379.113    
W273    7426.080    120.734     0.790       8465.438    3140.521    15999.411   
W274    5513.420    91.655      1.166       6285.081    2331.649    11878.606   
W275    6469.565    113.403     2.437       7375.048    2736.007    13938.610   
W276    6782.602    109.765     1.516       7731.897    2868.391    14613.043   
W277    3566.009    85.673      0.847       4065.109    1508.080    7682.928    
W278    5630.700    103.744     0.850       6418.775    2381.247    12131.284   
W279    3143.982    77.190      0.250       3584.015    1329.604    6773.676    
W280    3557.060    80.170      0.376       4054.907    1504.296    7663.647    
W281    3393.157    74.451      0.790       3868.065    1434.981    7310.521    
W282    4554.157    90.155      0.834       5191.559    1925.973    9811.884    
W283    3368.579    77.054      1.197       3840.047    1424.587    7257.568    
W284    2861.393    72.328      0.583       3261.875    1210.096    6164.842    
W285    2520.501    69.094      1.088       2873.271    1065.931    5430.392    
W286    7900.658    112.857     1.984       9006.438    3341.222    17021.885   
W287    3965.387    85.265      0.239       4520.384    1676.979    8543.385    
W288    7123.021    121.844     0.735       8119.962    3012.356    15346.475   
W289    6154.464    108.596     0.978       7015.845    2602.749    13259.728   
W290    5225.125    97.997      1.419       5956.435    2209.728    11257.476   
W291    5768.402    135.112     1.231       6575.750    2439.482    12427.962   
W292    4647.446    91.259      0.832       5297.904    1965.425    10012.873   
W293    4164.078    88.871      1.114       4746.884    1761.007    8971.462    
W294    3063.601    95.758      0.819       3492.384    1295.610    6600.496    
W295    7008.548    115.509     0.276       7989.468    2963.945    15099.844   
W296    5009.197    101.760     0.989       5710.287    2118.411    10792.263   
W297    7020.106    116.575     0.722       8002.643    2968.833    15124.744   
W298    4807.363    89.278      0.621       5480.204    2033.055    10357.413   
W299    6307.913    101.675     0.385       7190.771    2667.644    13590.332   
W300    5091.777    104.099     0.099       5804.424    2153.334    10970.180   
W301    5801.744    109.911     1.590       6613.759    2453.583    12499.797   
W302    3299.648    90.219      1.568       3761.468    1395.435    7109.057    
W303    5349.913    103.911     1.656       6098.689    2262.501    11526.331   
W304    5587.207    105.608     1.838       6369.194    2362.854    12037.577   
W305    3853.853    83.652      0.668       4393.240    1629.811    8303.085    
W306    2114.908    78.566      2.581       2410.912    894.404     4556.547    
W307    5947.343    107.336     1.138       6779.735    2515.157    12813.487   
W308    8802.621    134.448     0.408       10034.640   3722.666    18965.154   
W309    5170.537    107.768     1.012       5894.207    2186.642    11139.866   
W310    3408.534    83.341      0.784       3885.594    1441.484    7343.651    
W311    4750.124    103.011     0.809       5414.953    2008.848    10234.091   
W312    4539.074    104.669     0.895       5174.365    1919.594    9779.388    
W313    3476.427    85.883      0.725       3962.990    1470.196    7489.926    
W314    4972.167    100.345     1.410       5668.074    2102.751    10712.481   
W315    6237.753    109.277     1.601       7110.792    2637.973    13439.173   
W316    4326.596    95.398      0.657       4932.148    1829.736    9321.604    
W317    4215.512    88.676      0.350       4805.517    1782.758    9082.275    
W318    4235.907    87.921      0.824       4828.766    1791.383    9126.216    
W319    6912.552    114.115     0.865       7880.036    2923.348    14893.021   
W320    5286.258    109.832     0.888       6026.125    2235.581    11389.188   
W321    2974.163    78.812      2.940       3390.428    1257.786    6407.802    
W322    4331.442    98.865      0.706       4937.673    1831.786    9332.047    
W323    5393.529    105.354     1.055       6148.409    2280.947    11620.301   
W324    7536.392    118.060     1.214       8591.188    3187.173    16237.077   
W325    6884.767    120.083     0.927       7848.362    2911.598    14833.158   
W326    5074.516    98.164      0.291       5784.748    2146.035    10932.991   
W327    4422.310    90.406      0.966       5041.258    1870.214    9527.819    
W328    1409.239    60.998      0.763       1606.476    595.973     3036.190    
W329    3417.901    89.051      0.947       3896.272    1445.445    7363.832    
W330    5790.323    107.760     0.761       6600.739    2448.753    12475.190   
W331    5655.502    110.092     0.384       6447.049    2391.736    12184.721   
W332    6194.867    104.963     1.693       7061.903    2619.836    13346.774   
W333    3335.947    82.739      0.785       3802.848    1410.786    7187.263    
W334    5322.018    104.515     0.987       6066.890    2250.704    11466.230   
W335    3003.226    116.112     2.515       3423.559    1270.077    6470.418    
W336    7954.748    120.827     1.274       9068.098    3364.097    17138.420   
W337    4986.220    104.144     0.706       5684.094    2108.694    10742.759   
W338    3531.402    79.109      0.562       4025.659    1493.445    7608.369    
W339    1874.522    59.677      0.799       2136.881    792.744     4038.639    
W340    5036.281    104.223     0.494       5741.161    2129.865    10850.614   
W341    5403.815    112.368     1.053       6160.136    2285.297    11642.463   
W342    2719.015    74.379      0.256       3099.569    1149.883    5858.088    
W343    5528.842    109.027     0.990       6302.662    2338.171    11911.832   
W344    5076.211    102.011     1.570       5786.680    2146.751    10936.643   
W345    5277.203    98.922      1.293       6015.803    2231.752    11369.679   
W346    7151.619    122.237     1.847       8152.562    3024.450    15408.087   
W347    6779.969    115.809     0.897       7728.896    2867.278    14607.371   
W348    5755.155    108.792     0.487       6560.649    2433.880    12399.421   
W349    3115.832    82.119      3.039       3551.925    1317.699    6713.027    
W350    4950.861    98.847      0.772       5643.786    2093.740    10666.578   
W351    6983.594    132.201     1.656       7961.021    2953.392    15046.079   
W352    4957.813    99.193      2.613       5651.711    2096.681    10681.557   
W353    4669.547    96.837      0.445       5323.099    1974.772    10060.490   
W354    5140.828    109.067     0.954       5860.340    2174.078    11075.858   
W355    4769.913    97.336      0.606       5437.512    2017.217    10276.727   
W356    7278.917    123.812     0.662       8297.677    3078.285    15682.349   
W357    1210.305    54.595      1.039       1379.700    511.843     2607.589    
W358    2004.625    68.695      1.650       2285.193    847.764     4318.943    
W359    5805.903    108.264     0.673       6618.500    2455.342    12508.757   
W360    4791.247    100.122     1.725       5461.832    2026.239    10322.691   
W361    4687.386    101.806     0.567       5343.435    1982.316    10098.924   
W362    5242.740    107.984     0.747       5976.517    2217.177    11295.429   
W363    4760.102    101.071     1.357       5426.328    2013.068    10255.590   
W364    4682.156    96.336      0.464       5337.472    1980.104    10087.655   
W365    2222.014    76.589      1.202       2533.009    939.699     4787.307    
W366    11046.419   150.682     0.567       12592.480   4671.578    23799.393   
W367    6712.087    145.198     2.869       7651.514    2838.571    14461.120   
W368    5594.594    104.531     1.221       6377.616    2365.978    12053.493   
W369    7085.550    114.927     0.234       8077.247    2996.510    15265.743   
W370    7577.138    120.914     1.343       8637.637    3204.404    16324.863   
W371    5407.911    107.003     1.523       6164.804    2287.029    11651.286   
W372    3368.361    76.259      0.343       3839.798    1424.494    7257.098    
W373    5184.756    98.092      0.770       5910.417    2192.656    11170.502   
W374    7791.747    135.224     0.308       8882.283    3295.163    16787.236   
W375    6402.938    120.872     0.682       7299.097    2707.830    13795.063   
W376    2729.019    74.505      1.929       3110.973    1154.114    5879.642    
W377    5677.948    110.755     1.975       6472.636    2401.229    12233.079   
W378    5134.218    106.977     0.440       5852.806    2171.283    11061.619   
W379    3309.484    86.573      0.459       3772.680    1399.595    7130.248    
W380    5365.443    99.659      1.194       6116.393    2269.069    11559.790   
W381    5601.326    108.355     0.666       6385.290    2368.825    12067.998   
W382    4511.164    97.890      1.143       5142.548    1907.791    9719.254    
W383    4256.134    95.444      1.186       4851.825    1799.938    9169.796    
W384    5560.598    114.060     1.593       6338.862    2351.601    11980.250   
W385    6229.936    110.850     1.528       7101.880    2634.667    13422.331   
W386    2629.293    70.698      0.360       2997.290    1111.939    5664.783    
W387    5501.569    129.594     1.016       6271.571    2326.637    11853.072   
W388    5036.299    99.755      1.145       5741.182    2129.873    10850.653   
W389    5467.795    113.516     1.113       6233.070    2312.354    11780.308   
W390    4787.122    97.901      1.219       5457.129    2024.494    10313.803   
W391    5948.848    114.041     1.152       6781.452    2515.793    12816.730   
W392    2012.326    66.212      1.840       2293.972    851.021     4335.536    
W393    6008.300    110.309     1.518       6849.224    2540.936    12944.818   
W394    4709.356    93.138      1.117       5368.479    1991.607    10146.258   
W395    3104.480    84.490      1.900       3538.985    1312.898    6688.570    
W396    4904.732    107.766     0.870       5591.201    2074.232    10567.194   
W397    4193.899    87.520      1.433       4780.879    1773.618    9035.711    
W398    7224.617    138.569     0.938       8235.777    3055.322    15565.361   
W399    2843.219    81.757      0.661       3241.157    1202.410    6125.685    
W400    5179.449    98.966      0.724       5904.367    2190.411    11159.068   
W401    5711.262    113.058     1.849       6510.612    2415.317    12304.853   
W402    9371.574    160.694     0.588       10683.224   3963.279    20190.957   
W403    6420.012    115.006     1.197       7318.560    2715.051    13831.849   
W404    5426.165    108.575     0.387       6185.613    2294.748    11690.614   
W405    4000.624    86.475      0.424       4560.553    1691.881    8619.302    
W406    5642.746    100.789     0.414       6432.507    2386.342    12157.236   
W407    5572.985    96.379      0.175       6352.982    2356.839    12006.937   
W408    7750.499    124.698     1.440       8835.262    3277.719    16698.369   
W409    7050.671    120.569     1.861       8037.486    2981.759    15190.597   
W410    6612.699    113.533     0.462       7538.215    2796.539    14246.990   
W411    4963.246    96.847      1.272       5657.904    2098.978    10693.260   
W412    5011.579    109.533     1.975       5713.002    2119.418    10797.395   
W413    7222.454    121.504     0.255       8233.312    3054.407    15560.701   
W414    7138.345    116.513     0.940       8137.431    3018.837    15379.488   
W415    8172.306    129.881     0.204       9316.105    3456.103    17607.146   
W416    5691.110    112.577     1.651       6487.640    2406.795    12261.436   
W417    5233.733    114.874     0.126       5966.249    2213.368    11276.023   
W418    7321.196    121.855     0.304       8345.873    3096.165    15773.438   
W419    7004.391    115.906     0.360       7984.728    2962.187    15090.886   
W420    5300.380    108.718     0.781       6042.223    2241.553    11419.612   
W421    4748.819    96.219      1.215       5413.466    2008.296    10231.281   
W422    4483.083    111.667     0.749       5110.538    1895.915    9658.756    
W423    3926.260    84.935      1.106       4475.782    1660.432    8459.087    
W424    5086.114    95.930      0.837       5797.969    2150.940    10957.979   
W425    2743.311    76.360      0.678       3127.266    1160.158    5910.435    
W426    1626.668    57.435      0.482       1854.338    687.925     3504.640    
W427    5831.009    123.837     0.907       6647.120    2465.959    12562.848   
W428    5730.087    121.498     0.987       6532.072    2423.278    12345.412   
W429    6489.486    119.596     0.612       7397.758    2744.432    13981.529   
W430    7755.861    124.149     0.386       8841.374    3279.987    16709.920   
W431    7865.924    127.745     0.337       8966.842    3326.533    16947.049   
W432    6062.535    123.513     0.249       6911.050    2563.872    13061.667   
W433    6350.250    117.675     0.809       7239.034    2685.548    13681.548   
W434    4995.434    96.518      0.651       5694.597    2112.591    10762.610   
W435    6104.002    110.502     2.559       6958.321    2581.409    13151.008   
W436    5338.832    112.046     2.135       6086.057    2257.815    11502.456   
W437    3736.955    84.881      4.164       4259.980    1580.374    8051.229    
W438    7525.056    128.750     2.937       8578.266    3182.378    16212.653   
W439    6739.572    114.625     0.276       7682.846    2850.194    14520.337   
W440    5691.493    106.598     1.858       6488.077    2406.957    12262.261   
W441    7405.158    123.976     2.092       8441.587    3131.673    15954.334   
W442    3483.702    84.825      0.739       3971.282    1473.272    7505.599    
W443    4898.895    99.469      1.093       5584.546    2071.764    10554.617   
W444    6762.680    108.459     1.752       7709.187    2859.966    14570.122   
W445    6031.442    106.256     1.074       6875.605    2550.723    12994.678   
W446    7677.659    139.890     1.268       8752.228    3246.915    16541.434   
W447    5474.530    101.950     1.663       6240.748    2315.202    11794.816   
W448    7141.062    108.948     1.048       8140.528    3019.986    15385.343   
W449    5042.154    96.558      2.954       5747.856    2132.349    10863.267   
W450    6244.442    121.857     1.005       7118.417    2640.802    13453.585   
W451    6586.058    113.583     1.132       7507.846    2785.272    14189.593   
W452    6087.939    109.796     0.334       6940.009    2574.615    13116.400   
W453    3842.686    99.674      0.552       4380.510    1625.089    8279.027    
W454    854.335     50.480      16.993      973.908     361.302     1840.656    
W455    2699.806    71.926      3.170       3077.672    1141.760    5816.703    
W456    3918.579    96.134      0.388       4467.025    1657.184    8442.538    
W457    5240.598    103.722     1.450       5974.075    2216.271    11290.813   
W458    6135.540    112.579     0.297       6994.273    2594.746    13218.956   
W459    4056.857    83.824      1.156       4624.657    1715.662    8740.456    
W460    5719.620    109.458     1.536       6520.141    2418.852    12322.861   
W461    6962.304    138.115     0.516       7936.751    2944.388    15000.211   
W462    3796.765    88.784      1.620       4328.162    1605.668    8180.090    
W463    2160.389    70.125      1.959       2462.759    913.638     4654.536    
W464    3150.126    78.959      2.608       3591.020    1332.202    6786.914    
W465    5617.211    106.037     0.808       6403.398    2375.543    12102.222   
W466    4804.363    104.264     0.545       5476.784    2031.786    10350.949   
W467    3270.127    88.809      0.431       3727.815    1382.951    7045.454    
W468    5164.026    109.746     0.724       5886.786    2183.889    11125.840   
W469    6213.604    123.896     0.661       7083.262    2627.760    13387.144   
W470    7462.486    132.449     1.356       8506.938    3155.917    16077.847   
W471    4025.695    89.201      0.696       4589.132    1702.484    8673.316    
W472    6049.107    107.182     0.247       6895.743    2558.194    13032.738   
W473    4271.028    90.877      0.858       4868.803    1806.236    9201.886    
W474    5105.438    94.273      0.902       5819.997    2159.112    10999.612   
W475    5901.979    111.930     1.175       6728.022    2495.972    12715.751   
W476    5399.763    104.967     0.275       6155.516    2283.583    11633.732   
W477    6524.247    125.575     1.015       7437.383    2759.132    14056.421   
W478    5323.751    100.405     0.708       6068.866    2251.438    11469.966   
W479    5742.187    107.589     0.357       6545.865    2428.396    12371.480   
W480    4931.114    107.400     1.616       5621.275    2085.389    10624.033   
W481    6041.031    108.484     1.367       6886.536    2554.778    13015.337   
W482    6471.997    109.571     0.578       7377.821    2737.035    13943.850   
W483    6965.618    117.754     1.104       7940.529    2945.790    15007.351   
W484    3337.102    77.674      0.630       3804.165    1411.275    7189.751    
W485    4231.682    97.075      1.110       4823.950    1789.597    9117.114    
W486    6112.607    127.494     1.120       6968.130    2585.048    13169.547   
W487    4222.105    91.964      0.456       4813.033    1785.546    9096.480    
W488    6239.751    131.129     1.624       7113.070    2638.818    13443.479   
W489    1202.400    59.938      2.644       1370.689    508.500     2590.559    
W490    2226.966    75.239      0.494       2538.653    941.794     4797.975    
W491    8404.090    130.269     0.492       9580.330    3554.126    18106.523   
W492    5589.287    101.630     0.935       6371.565    2363.733    12042.059   
W493    6271.870    111.068     1.682       7149.684    2652.401    13512.678   
W494    826.678     44.948      2.293       942.381     349.606     1781.070    
W495    7876.711    130.692     0.804       8979.140    3331.095    16970.291   
W496    3299.930    82.875      0.754       3761.790    1395.555    7109.665    
W497    3504.627    81.174      0.603       3995.137    1482.122    7550.683    
W498    6396.796    118.811     0.290       7292.094    2705.232    13781.829   
W499    6376.067    123.217     0.864       7268.464    2696.466    13737.170   
W500    4883.648    108.665     0.876       5567.166    2065.316    10521.769   
W501    8123.688    138.621     0.957       9260.683    3435.542    17502.398   
W502    1400.122    53.045      0.016       1596.084    592.118     3016.549    
W503    6314.620    117.180     2.610       7198.417    2670.480    13604.782   
W504    6290.235    115.291     0.697       7170.620    2660.168    13552.245   
W505    5686.162    111.317     0.767       6481.999    2404.702    12250.775   
W506    7808.546    128.513     1.415       8901.434    3302.268    16823.430   
W507    5188.570    103.712     0.875       5914.764    2194.269    11178.719   
W508    4360.225    99.856      0.434       4970.483    1843.958    9394.058    
W509    7753.702    132.125     0.425       8838.914    3279.074    16705.270   
W510    6800.789    127.572     0.416       7752.630    2876.083    14652.228   
W511    5696.403    107.568     0.656       6493.674    2409.033    12272.841   
W512    4931.101    100.993     1.557       5621.260    2085.384    10624.004   
W513    2524.691    70.426      0.384       2878.048    1067.703    5439.420    
W514    6111.779    106.285     1.286       6967.187    2584.698    13167.764   
W515    5463.532    100.592     0.952       6228.210    2310.551    11771.122   
W516    3028.802    79.299      0.092       3452.715    1280.894    6525.522    
W517    8005.723    130.617     1.176       9126.207    3385.655    17248.244   
W518    3631.987    88.730      0.606       4140.321    1535.983    7825.078    
W519    4500.074    94.436      2.497       5129.907    1903.101    9695.362    
W520    5780.982    98.125      0.643       6590.091    2444.802    12455.064   
W521    5446.737    105.224     0.973       6209.064    2303.448    11734.937   
W522    4874.234    102.788     1.269       5556.434    2061.334    10501.485   
W523    2465.000    71.754      1.782       2810.002    1042.459    5310.816    
W524    4920.039    93.161      1.433       5608.649    2080.706    10600.171   
W525    2877.394    72.877      0.427       3280.115    1216.862    6199.315    
W526    1164.682    50.771      2.303       1327.692    492.549     2509.296    
W527    2107.815    63.445      3.270       2402.825    891.404     4541.265    
W528    2483.492    61.698      0.974       2831.082    1050.279    5350.657    
W529    6086.184    118.470     0.438       6938.008    2573.873    13112.618   
W530    1672.636    55.606      0.128       1906.739    707.365     3603.677    
W531    6043.365    119.340     1.627       6889.197    2555.765    13020.365   
W532    4090.132    91.004      1.762       4662.589    1729.735    8812.146    
W533    5197.657    112.844     1.936       5925.123    2198.111    11198.297   
W534    5723.395    116.780     1.620       6524.444    2420.448    12330.994   
W535    4170.591    97.069      0.576       4754.309    1763.761    8985.495    
W536    5234.954    101.455     0.442       5967.641    2213.885    11278.653   
W537    5959.389    106.098     1.173       6793.467    2520.251    12839.439   
W538    4551.153    90.911      0.228       5188.135    1924.702    9805.412    
W539    7435.978    128.346     0.668       8476.721    3144.707    16020.736   
W540    2361.455    74.320      0.487       2691.965    998.669     5087.730    
W541    7293.072    133.585     1.328       8313.813    3084.272    15712.847   
W542    8271.429    126.426     0.772       9429.102    3498.023    17820.705   
W543    6154.459    112.741     1.202       7015.840    2602.747    13259.718   
W544    4803.133    96.591      1.390       5475.382    2031.266    10348.300   
W545    3466.991    94.060      0.879       3952.232    1466.205    7469.595    
W546    5141.796    94.530      1.737       5861.444    2174.488    11077.945   
W547    6531.914    117.770     1.160       7446.124    2762.375    14072.939   
W548    5222.474    100.444     1.739       5953.413    2208.607    11251.765   
W549    4993.393    98.475      0.614       5692.270    2111.727    10758.212   
W550    5782.956    103.665     0.559       6592.340    2445.637    12459.316   
W551    4564.630    97.597      0.904       5203.498    1930.402    9834.448    
W552    3967.439    89.756      4.231       4522.724    1677.847    8547.806    
W553    6327.737    108.343     0.972       7213.370    2676.027    13633.042   
W554    3984.644    89.159      1.082       4542.337    1685.123    8584.874    
W555    6073.373    117.435     0.941       6923.404    2568.455    13085.017   
W556    2630.614    74.976      0.012       2998.796    1112.498    5667.630    
W557    2222.229    68.069      0.193       2533.253    939.790     4787.770    
W558    4292.088    82.701      0.485       4892.811    1815.143    9247.259    
W559    5443.335    100.187     0.785       6205.187    2302.010    11727.608   
W560    3737.979    91.314      1.193       4261.149    1580.808    8053.438    
W563    3316.952    99.248      1.340       3781.194    1402.753    7146.338    
W564    1150.044    50.164      5.279       1311.005    486.359     2477.758    
W565    3583.308    78.611      0.600       4084.829    1515.396    7720.199    
W566    2505.987    74.969      0.124       2856.726    1059.792    5399.122    
W567    6046.383    113.480     1.022       6892.638    2557.042    13026.869   
W568    2919.474    75.849      0.545       3328.085    1234.658    6289.976    
W569    5079.789    104.687     0.490       5790.758    2148.265    10944.352   
W570    2893.708    81.151      1.842       3298.712    1223.761    6234.462    
W571    5450.645    105.753     1.106       6213.519    2305.101    11743.356   
W572    4783.771    118.137     0.772       5453.310    2023.078    10306.585   
W573    6312.257    109.952     1.336       7195.723    2669.481    13599.690   
W574    3532.448    75.576      3.376       4026.850    1493.887    7610.621    
W575    3690.479    92.163      0.624       4207.000    1560.720    7951.099    
W576    7076.135    122.464     1.369       8066.514    2992.528    15245.458   
W577    7003.883    124.862     0.666       7984.150    2961.972    15089.793   
W578    3235.495    89.787      0.314       3688.336    1368.305    6970.839    
W579    3381.709    81.349      0.330       3855.015    1430.139    7285.857    
W580    3928.019    86.328      1.620       4477.786    1661.176    8462.876    
W581    2952.874    68.733      0.597       3366.159    1248.783    6361.936    
W582    6798.173    130.874     0.851       7749.648    2874.977    14646.593   
W583    8748.498    145.699     1.844       9972.941    3699.778    18848.547   
W584    2805.551    79.512      0.584       3198.217    1186.479    6044.529    
W585    4355.799    89.503      0.248       4965.439    1842.086    9384.523    
W586    4956.793    97.839      4.337       5650.548    2096.249    10679.359   
W587    4623.761    106.044     1.390       5270.904    1955.408    9961.844    
W588    3251.923    86.509      1.312       3707.063    1375.252    7006.233    
W589    5739.692    105.448     1.540       6543.022    2427.341    12366.106   
W590    3866.313    85.822      0.486       4407.444    1635.081    8329.931    
W591    6164.342    103.489     1.574       7027.106    2606.927    13281.009   
W592    4100.601    85.404      0.677       4674.522    1734.162    8834.700    
W593    5890.686    102.917     0.350       6715.149    2491.197    12691.421   
W594    3095.894    76.122      0.431       3529.197    1309.267    6670.071    
W597    3163.167    82.353      0.717       3605.886    1337.717    6815.011    
W598    1936.887    68.259      0.843       2207.974    819.118     4173.001    
W599    5725.215    94.420      1.030       6526.519    2421.218    12334.915   
W600    5359.311    101.078     1.242       6109.402    2266.476    11546.579   
W601    4969.901    101.533     0.355       5665.491    2101.793    10707.600   
W602    2919.156    86.120      0.905       3327.722    1234.523    6289.290    
W603    7392.892    132.260     0.312       8427.604    3126.486    15927.908   
W604    4607.828    103.948     1.845       5252.741    1948.670    9927.516    
W605    4172.682    90.485      0.111       4756.692    1764.645    8989.998    
W606    4406.701    87.730      1.096       5023.465    1863.613    9494.191    
W607    6062.818    100.381     0.398       6911.373    2563.992    13062.278   
W608    7042.656    121.639     1.045       8028.350    2978.370    15173.328   
W609    5740.154    107.266     1.008       6543.548    2427.536    12367.101   
W610    5667.087    106.397     0.683       6460.255    2396.635    12209.679   
W611    7765.741    129.799     0.706       8852.637    3284.165    16731.207   
W612    6259.002    129.992     1.193       7135.015    2646.959    13484.953   
W613    5186.872    112.493     0.911       5912.828    2193.550    11175.060   
W614    5918.028    119.390     0.489       6746.317    2502.760    12750.328   
W615    2145.369    70.556      0.633       2445.636    907.286     4622.175    
W616    5793.618    110.870     1.324       6604.496    2450.146    12482.289   
W617    6800.934    121.845     0.961       7752.796    2876.144    14652.541   
W618    5662.327    103.120     2.322       6454.829    2394.623    12199.424   
W619    5668.096    104.499     0.509       6461.405    2397.062    12211.853   
W620    5895.850    112.815     2.074       6721.036    2493.380    12702.547   
W621    4310.574    99.196      0.890       4913.884    1822.960    9287.087    
W622    7759.362    143.409     1.010       8845.365    3281.468    16717.463   
W623    5399.949    104.324     1.083       6155.729    2283.662    11634.134   
W624    6288.376    108.825     0.756       7168.500    2659.381    13548.239   
W625    3105.583    81.973      0.502       3540.242    1313.365    6690.947    
W626    3256.216    75.968      1.520       3711.957    1377.068    7015.482    
W627    4613.274    92.058      0.814       5258.950    1950.973    9939.250    
W628    2435.128    76.430      1.944       2775.950    1029.826    5246.458    
W629    4336.224    88.197      0.961       4943.124    1833.808    9342.349    
W630    4349.648    96.715      0.943       4958.427    1839.485    9371.271    
W631    2831.517    76.704      0.819       3227.818    1197.461    6100.474    
W632    5763.524    111.503     0.419       6570.190    2437.419    12417.452   
W633    4232.168    93.234      1.315       4824.504    1789.802    9118.162    
W634    3963.389    82.348      0.120       4518.107    1676.134    8539.081    
W635    2636.540    65.553      0.804       3005.551    1115.004    5680.397    
W636    2305.059    64.284      0.982       2627.676    974.819     4966.225    
W637    4745.245    92.041      0.500       5409.392    2006.785    10223.580   
W638    3933.759    83.288      0.439       4484.329    1663.603    8475.241    
W639    5920.879    104.720     0.445       6749.568    2503.965    12756.471   
W640    5230.916    101.504     2.313       5963.037    2212.177    11269.953   
W641    8083.581    120.294     0.799       9214.962    3418.581    17415.988   
W642    4132.533    95.708      0.839       4710.924    1747.666    8903.498    
W643    8218.826    129.670     0.500       9369.137    3475.777    17707.375   
W644    4991.833    98.944      2.906       5690.492    2111.068    10754.852   
W645    8493.637    137.660     1.017       9682.410    3591.996    18299.451   
W646    7956.251    138.251     1.465       9069.812    3364.733    17141.660   
W647    7787.091    143.029     0.983       8876.976    3293.194    16777.205   
W648    4593.054    91.165      1.749       5235.900    1942.422    9895.687    
W649    7662.539    127.308     0.596       8734.991    3240.521    16508.859   
W650    7765.309    138.837     0.955       8852.145    3283.982    16730.275   
W651    5817.213    101.062     0.470       6631.393    2460.124    12533.124   
W652    4335.100    90.380      0.605       4941.843    1833.333    9339.928    
W653    3406.002    88.288      1.498       3882.707    1440.413    7338.195    
W654    8584.056    139.845     0.685       9785.483    3630.234    18494.258   
W655    6368.119    116.500     1.149       7259.404    2693.105    13720.045   
W656    3386.429    77.954      0.875       3860.395    1432.135    7296.025    
W657    4123.044    91.761      0.824       4700.107    1743.653    8883.056    
W658    4247.770    89.087      2.076       4842.289    1796.400    9151.774    
W659    2954.772    73.631      1.809       3368.323    1249.586    6366.025    
W660    3840.861    78.031      0.488       4378.429    1624.317    8275.094    
W661    2045.656    62.374      0.405       2331.967    865.117     4407.345    
W662    4855.927    96.135      0.338       5535.565    2053.593    10462.044   
W663    3104.474    69.282      0.156       3538.978    1312.896    6688.557    
W664    1638.219    53.384      1.799       1867.505    692.810     3529.526    
W665    5200.153    110.125     0.652       5927.968    2199.167    11203.674   
W666    5537.844    106.558     1.084       6312.923    2341.978    11931.226   
W667    3120.257    79.687      0.342       3556.969    1319.570    6722.561    
W668    4766.194    95.906      0.628       5433.273    2015.644    10268.715   
W669    6188.555    111.510     1.278       7054.708    2617.167    13333.177   
W670    4872.181    99.114      0.700       5554.093    2060.466    10497.062   
W671    5219.220    99.347      0.767       5949.705    2207.231    11244.755   
W672    2660.380    66.081      1.110       3032.728    1125.086    5731.760    
W673    3623.438    81.238      0.358       4130.576    1532.367    7806.658    
W674    4397.400    91.489      0.108       5012.862    1859.679    9474.151    
W675    5382.066    97.727      1.501       6135.343    2276.099    11595.605   
W676    5131.460    96.726      1.840       5849.661    2170.116    11055.676   
W677    5610.046    106.557     0.768       6395.231    2372.513    12086.785   
W678    4876.724    101.542     0.772       5559.272    2062.388    10506.851   
W679    6712.236    121.912     1.352       7651.683    2838.634    14461.441   
W680    5761.679    113.923     1.221       6568.086    2436.639    12413.477   
W681    6576.132    121.743     0.278       7496.531    2781.075    14168.208   
W682    5397.331    106.543     0.759       6152.744    2282.554    11628.493   
W683    5637.060    104.664     0.727       6426.025    2383.937    12144.986   
W684    6894.921    123.165     0.589       7859.937    2915.892    14855.034   
W685    3079.058    71.144      0.196       3510.005    1302.147    6633.799    
W686    3638.886    82.341      0.350       4148.187    1538.901    7839.942    
W687    3492.590    79.223      0.422       3981.414    1477.031    7524.748    
W688    5333.959    105.813     0.599       6080.502    2255.754    11491.958   
W689    6494.724    129.199     0.593       7403.729    2746.647    13992.814   
W690    3626.498    85.040      0.284       4134.064    1533.662    7813.251    
W691    1703.725    42.195      0.912       1942.180    720.513     3670.658    
W692    5194.107    107.378     1.208       5921.076    2196.610    11190.648   
W693    2805.574    78.547      0.740       3198.244    1186.489    6044.580    
W694    3250.634    77.740      1.590       3705.594    1374.707    7003.456    
W695    5681.383    106.256     1.490       6476.552    2402.681    12240.479   
W696    2563.663    79.045      0.358       2922.474    1084.184    5523.384    
W697    4193.333    100.483     1.047       4780.233    1773.378    9034.490    
W698    4196.097    98.123      1.403       4783.384    1774.547    9040.446    
W699    3360.050    86.972      1.212       3830.324    1420.980    7239.192    
W700    1987.013    66.678      0.428       2265.116    840.316     4280.999    
W701    5803.561    97.624      2.875       6615.830    2454.351    12503.711   
W702    4602.514    95.543      0.611       5246.684    1946.423    9916.067    
W703    4420.525    94.055      0.737       5039.224    1869.459    9523.975    
W704    1881.539    66.567      1.173       2144.880    795.711     4053.756    
W705    7568.513    124.625     0.597       8627.806    3200.757    16306.281   
W706    2513.374    70.497      0.551       2865.147    1062.917    5415.038    
W707    5356.020    104.720     1.729       6105.650    2265.084    11539.487   
W708    3980.001    86.394      0.417       4537.043    1683.159    8574.869    
W709    5002.415    92.345      0.394       5702.555    2115.543    10777.650   
W710    6787.452    123.973     1.345       7737.427    2870.443    14623.494   
W711    4860.047    94.448      0.688       5540.262    2055.335    10470.921   
W712    6316.839    120.864     0.500       7200.946    2671.418    13609.562   
W713    6467.100    119.577     0.360       7372.238    2734.964    13933.299   
W714    6556.367    113.263     0.941       7473.999    2772.716    14125.623   
W715    3452.310    81.906      0.369       3935.497    1459.997    7437.965    
W716    6765.000    114.590     0.812       7711.832    2860.948    14575.120   
W717    8507.888    148.335     0.829       9698.655    3598.022    18330.154   
W718    5179.418    91.923      2.538       5904.332    2190.398    11159.001   
W719    5002.387    109.575     0.725       5702.523    2115.531    10777.589   
W720    2765.205    68.890      0.167       3152.225    1169.417    5957.605    
W721    4006.858    89.286      0.606       4567.660    1694.518    8632.734    
W722    6295.949    114.918     0.554       7177.132    2662.584    13564.555   
W723    3417.970    78.365      1.272       3896.351    1445.474    7363.980    
W724    4296.862    82.192      1.447       4898.253    1817.162    9257.544    
W725    3836.933    84.094      1.191       4373.952    1622.656    8266.632    
W726    3887.577    89.585      1.053       4431.685    1644.073    8375.744    
W727    4164.224    95.403      2.440       4747.051    1761.068    8971.776    
W728    4997.411    115.398     0.821       5696.851    2113.427    10766.868   
W729    3173.487    85.119      1.008       3617.650    1342.081    6837.245    
W730    5010.348    94.766      0.351       5711.599    2118.898    10794.742   
W731    6035.736    99.576      0.311       6880.500    2552.539    13003.930   
W732    3013.761    73.125      0.507       3435.568    1274.532    6493.116    
W733    6150.148    115.107     0.231       7010.925    2600.924    13250.429   
W734    6625.705    105.514     1.409       7553.042    2802.039    14275.012   
W735    3896.549    91.404      0.734       4441.911    1647.867    8395.072    
W736    5187.066    93.206      0.914       5913.050    2193.633    11175.479   
W737    5187.376    109.217     0.983       5913.403    2193.764    11176.146   
W738    4944.343    94.842      1.844       5636.355    2090.984    10652.535   
W739    4172.040    81.728      0.525       4755.960    1764.374    8988.616    
W740    6284.944    114.903     1.167       7164.588    2657.930    13540.846   
W741    3235.989    88.230      1.253       3688.899    1368.513    6971.903    
W742    5468.665    100.877     0.191       6234.062    2312.722    11782.181   
W743    2641.147    72.460      0.583       3010.803    1116.952    5690.323    
W744    5223.704    101.705     1.804       5954.815    2209.127    11254.414   
W745    4485.025    93.422      0.437       5112.751    1896.736    9662.938    
W746    5796.665    103.816     0.990       6607.968    2451.434    12488.853   
W747    5241.750    96.792      0.964       5975.387    2216.759    11293.294   
W748    4615.888    87.718      1.173       5261.929    1952.079    9944.881    
W749    5776.252    104.510     1.180       6584.699    2442.802    12444.875   
W750    4281.311    83.275      0.533       4880.525    1810.585    9224.039    
W751    4653.241    101.185     1.647       5304.511    1967.876    10025.359   
W752    2933.019    81.491      1.615       3343.526    1240.386    6319.159    
W753    4980.134    101.817     0.748       5677.155    2106.120    10729.646   
W754    3231.038    75.003      0.383       3683.255    1366.420    6961.236    
W755    3729.727    85.040      1.619       4251.741    1577.317    8035.656    
W756    5745.891    106.250     2.620       6550.088    2429.962    12379.461   
W757    4514.980    91.978      1.650       5146.899    1909.405    9727.478    
W758    3897.309    83.951      1.113       4442.778    1648.189    8396.711    
W759    3534.852    80.664      0.361       4029.592    1494.904    7615.802    
W760    2298.801    80.559      0.731       2620.542    972.173     4952.743    
W761    2388.535    66.229      0.520       2722.836    1010.122    5146.074    
W762    4538.520    97.026      1.474       5173.733    1919.360    9778.193    
W763    3150.784    72.773      3.442       3591.769    1332.480    6788.330    
W764    3957.455    86.207      0.875       4511.342    1673.625    8526.295    
W765    3280.438    76.584      0.648       3739.569    1387.311    7067.668    
W766    7180.933    121.020     0.422       8185.979    3036.847    15471.243   
W767    5518.686    98.975      1.806       6291.083    2333.876    11889.949   
W768    5221.733    99.548      1.825       5952.569    2208.293    11250.169   
W769    5943.865    104.857     1.641       6775.771    2513.686    12805.994   
W770    3157.207    79.141      1.003       3599.091    1335.196    6802.168    
W771    3864.736    90.400      0.544       4405.646    1634.413    8326.532    
W772    4722.050    99.305      0.293       5382.951    1996.975    10173.607   
W773    4534.870    93.603      1.229       5169.572    1917.816    9770.330    
W774    6693.459    115.205     1.132       7630.278    2830.693    14420.986   
W775    6096.974    107.503     0.409       6950.309    2578.436    13135.865   
W776    6554.571    112.958     0.634       7471.951    2771.956    14121.754   
W777    6070.106    113.871     1.635       6919.681    2567.074    13077.979   
W778    6876.870    122.377     0.990       7839.360    2908.258    14816.144   
W779    5632.715    111.636     1.090       6421.073    2382.100    12135.626   
W780    4784.095    90.425      0.872       5453.679    2023.214    10307.281   
W781    4654.595    93.596      0.516       5306.054    1968.448    10028.275   
W782    9175.639    155.350     2.595       10459.865   3880.417    19768.816   
W783    6737.059    117.429     0.598       7679.980    2849.131    14514.922   
W784    4052.561    132.185     0.903       4619.759    1713.845    8731.199    
W785    7704.606    134.531     1.025       8782.946    3258.311    16599.492   
W786    8204.323    159.941     1.481       9352.604    3469.644    17676.127   
W787    6692.806    118.470     0.531       7629.534    2830.416    14419.579   
W788    8172.954    140.213     0.565       9316.845    3456.377    17608.543   
W789    7716.778    122.972     0.850       8796.822    3263.459    16625.717   
W790    5734.561    110.017     0.505       6537.172    2425.170    12355.050   
W791    4346.980    92.752      1.342       4955.386    1838.357    9365.523    
W792    4175.012    97.497      1.907       4759.348    1765.630    8995.019    
W793    4450.699    96.835      1.183       5073.621    1882.220    9588.983    
W794    7516.170    138.795     1.883       8568.137    3178.621    16193.509   
W795    7107.386    120.012     0.756       8102.139    3005.744    15312.788   
W796    7968.666    137.342     0.573       9083.963    3369.983    17168.406   
W797    3882.934    89.348      0.360       4426.392    1642.110    8365.741    
W798    4050.064    87.619      3.272       4616.913    1712.790    8725.820    
W799    4358.844    98.212      0.497       4968.910    1843.374    9391.084    
W800    836.331     49.674      8.189       953.385     353.688     1801.867    
W801    8164.558    127.223     1.823       9307.272    3452.827    17590.453   
W802    3081.863    84.628      3.280       3513.201    1303.333    6639.840    
W803    4024.152    94.098      1.257       4587.375    1701.831    8669.994    
W804    4965.825    109.272     0.500       5660.844    2100.069    10698.818   
W805    4663.958    89.574      0.416       5316.728    1972.408    10048.449   
W806    7014.115    134.125     1.310       7995.813    2966.299    15111.836   
W807    3514.555    79.861      1.288       4006.453    1486.320    7572.071    
W808    2498.697    66.253      0.231       2848.416    1056.710    5383.416    
W809    4191.194    89.965      0.996       4777.796    1772.474    9029.884    
W810    6514.230    123.387     0.720       7425.965    2754.896    14034.841   
W811    5040.678    97.878      0.708       5746.174    2131.725    10860.088   
W812    7312.149    129.680     0.427       8335.561    3092.339    15753.947   
W813    7451.257    149.718     0.769       8494.138    3151.169    16053.654   
W814    5732.406    124.746     0.674       6534.716    2424.259    12350.407   
W815    6588.629    116.982     0.815       7510.776    2786.360    14195.131   
W816    5641.374    108.245     1.375       6430.942    2385.761    12154.279   
W817    6495.852    120.779     0.198       7405.014    2747.124    13995.243   
W818    3820.510    99.371      0.344       4355.231    1615.710    8231.249    
W819    8669.654    151.291     0.927       9883.062    3666.434    18678.678   
W820    6926.427    122.168     1.032       7895.853    2929.216    14922.913   
W821    6213.295    114.913     0.396       7082.910    2627.629    13386.479   
W822    6489.116    120.992     0.597       7397.336    2744.275    13980.732   
W823    3017.193    88.758      0.517       3439.481    1275.984    6500.511    
W824    7461.240    150.454     0.280       8505.519    3155.391    16075.163   
W825    3303.290    78.403      0.686       3765.620    1396.976    7116.904    
W826    3498.599    93.166      0.088       3988.265    1479.573    7537.695    
W827    3822.514    91.544      1.039       4357.515    1616.558    8235.566    
W828    6187.351    123.967     1.178       7053.335    2616.657    13330.581   
W829    4163.664    80.741      0.407       4746.412    1760.831    8970.570    
W830    4502.378    91.919      1.470       5132.533    1904.075    9700.327    
W831    3628.392    89.795      1.692       4136.224    1534.463    7817.333    
W832    5021.029    98.482      0.528       5723.774    2123.415    10817.754   
W833    5928.152    103.192     1.000       6757.859    2507.041    12772.142   
W834    2531.312    73.161      0.477       2885.596    1070.503    5453.686    
W835    5837.492    110.104     0.431       6654.510    2468.701    12576.815   
W836    4690.537    95.657      1.198       5347.026    1983.648    10105.712   
W837    6137.521    122.967     0.980       6996.532    2595.584    13223.226   
W838    6040.691    110.442     0.971       6886.149    2554.635    13014.605   
W839    7371.630    124.961     1.327       8403.366    3117.494    15882.099   
W840    3470.450    88.122      1.130       3956.175    1467.668    7477.047    
W841    3711.309    90.945      1.876       4230.746    1569.529    7995.977    
W842    6657.207    123.691     0.627       7588.952    2815.361    14342.881   
W843    8464.344    146.241     1.341       9649.017    3579.607    18236.340   
W844    8069.474    132.496     0.503       9198.881    3412.615    17385.596   
W845    5719.674    107.869     1.192       6520.202    2418.875    12322.978   
W846    6720.953    125.112     1.026       7661.621    2842.320    14480.223   
W847    6018.158    112.415     1.133       6860.462    2545.105    12966.059   
W848    5055.993    98.250      3.637       5763.631    2138.201    10893.083   
W849    6067.095    111.206     1.205       6916.248    2565.801    13071.491   
W850    4957.652    108.607     1.028       5651.527    2096.613    10681.210   
W851    5599.054    108.162     1.361       6382.700    2367.864    12063.102   
W852    6480.623    126.745     1.100       7387.654    2740.683    13962.434   
W853    3773.202    84.521      0.394       4301.301    1595.703    8129.325    
W854    8663.963    135.476     1.035       9876.575    3664.027    18666.416   
W855    5110.631    98.215      0.614       5825.917    2161.308    11010.801   
W856    6675.128    120.687     1.258       7609.382    2822.940    14381.493   
W857    7879.168    157.113     0.674       8981.940    3332.134    16975.586   
W858    7047.861    120.529     1.463       8034.283    2980.571    15184.543   
W859    4552.063    89.112      1.343       5189.172    1925.087    9807.373    
W860    5397.442    107.113     2.059       6152.870    2282.601    11628.731   
W861    2953.815    83.714      1.112       3367.232    1249.181    6363.962    
W862    3599.839    86.044      0.354       4103.674    1522.387    7755.815    
W863    3910.668    97.458      2.031       4458.006    1653.838    8425.492    
W864    5600.009    96.102      0.713       6383.789    2368.268    12065.161   
W865    5459.330    130.262     1.184       6223.420    2308.774    11762.069   
W866    4408.328    86.270      0.389       5025.319    1864.301    9497.695    
W867    3477.710    80.481      0.915       3964.451    1470.738    7492.689    
W868    4022.814    104.507     0.988       4585.849    1701.265    8667.109    
W869    3869.787    86.727      0.727       4411.404    1636.550    8337.415    
W870    4873.675    94.391      0.475       5555.796    2061.098    10500.281   
W871    2302.740    83.282      0.250       2625.032    973.839     4961.229    
W872    3476.658    86.595      1.700       3963.253    1470.294    7490.423    
W873    5926.692    102.798     0.902       6756.195    2506.424    12768.996   
W874    5907.877    105.859     1.028       6734.746    2498.467    12728.458   
W875    5702.254    104.201     1.539       6500.344    2411.508    12285.447   
W876    8331.664    122.629     0.115       9497.768    3523.497    17950.482   
W877    6600.972    127.819     1.186       7524.847    2791.580    14221.725   
W878    2787.882    79.769      0.775       3178.075    1179.007    6006.461    
W879    8296.164    134.940     2.292       9457.299    3508.483    17873.998   
W880    3927.440    83.422      0.478       4477.126    1660.931    8461.628    
W881    6137.923    114.844     2.736       6996.990    2595.754    13224.091   
W882    6867.902    123.027     1.475       7829.137    2904.466    14796.823   
W883    4487.780    92.318      0.213       5115.892    1897.902    9668.875    
W884    4902.446    103.158     0.879       5588.594    2073.265    10562.268   
W885    4385.003    107.596     0.528       4998.730    1854.437    9447.442    
W886    5926.438    117.880     0.907       6755.905    2506.316    12768.448   
W887    6558.917    120.917     0.809       7476.905    2773.794    14131.116   
W888    5824.252    109.355     0.283       6639.417    2463.101    12548.290   
W889    5553.988    107.405     1.336       6331.327    2348.806    11966.009   
W890    7055.511    134.440     0.782       8043.003    2983.806    15201.023   
W891    5925.191    136.201     0.981       6754.484    2505.789    12765.763   
W892    3020.137    75.950      0.184       3442.837    1277.229    6506.854    
W893    4097.103    79.839      0.242       4670.535    1732.682    8827.164    
W894    3143.433    71.845      0.166       3583.390    1329.371    6772.494    
W895    6279.283    101.790     0.454       7158.134    2655.536    13528.649   
W896    5473.863    92.963      1.048       6239.987    2314.920    11793.380   
W897    5563.010    99.970      1.308       6341.611    2352.621    11985.445   
W898    3200.852    69.643      3.698       3648.844    1353.654    6896.201    
W899    4994.531    107.583     1.920       5693.567    2112.208    10760.664   
W900    6269.640    153.181     0.544       7147.142    2651.458    13507.873   
W901    5022.158    113.628     0.428       5725.061    2123.892    10820.186   
W902    7345.729    130.568     1.663       8373.841    3106.541    15826.296   
W903    5015.670    94.803      1.064       5717.666    2121.149    10806.209   
W904    3146.114    75.588      0.739       3586.446    1330.505    6778.270    
W905    3290.004    80.676      0.457       3750.475    1391.357    7088.280    
W906    3094.124    98.764      0.497       3527.179    1308.518    6666.257    
W907    5459.503    96.843      1.618       6223.618    2308.847    11762.442   
W908    5089.919    121.499     0.433       5802.306    2152.549    10966.177   
W909    5144.708    106.979     1.470       5864.764    2175.719    11084.219   
W910    4533.447    109.056     0.403       5167.950    1917.214    9767.263    
W911    5760.359    125.718     0.852       6566.581    2436.081    12410.632   
W912    4738.464    103.833     2.033       5401.661    2003.917    10208.971   
W913    1413.166    64.155      1.071       1610.953    597.634     3044.652    
W914    7848.511    129.929     0.587       8946.991    3319.169    16909.533   
W915    6970.938    120.093     0.539       7946.594    2948.040    15018.813   
W916    4163.500    93.510      2.436       4746.225    1760.762    8970.216    
W917    9083.903    146.096     0.558       10355.290   3841.622    19571.174   
W918    7817.042    131.209     0.730       8911.118    3305.861    16841.734   
W919    7218.585    126.019     1.156       8228.901    3052.771    15552.366   
W920    3787.775    86.195      1.134       4317.914    1601.866    8160.721    
W921    4846.225    109.055     0.608       5524.504    2049.489    10441.140   
W922    5026.712    101.669     0.471       5730.252    2125.818    10829.998   
W923    6133.527    119.988     0.866       6991.978    2593.895    13214.619   
W924    5827.067    106.857     2.284       6642.625    2464.292    12554.354   
W925    2429.594    81.953      0.532       2769.641    1027.486    5234.535    
W926    6093.687    108.013     0.540       6946.562    2577.046    13128.783   
W927    5106.225    117.279     0.911       5820.894    2159.444    11001.307   
W928    4097.586    85.728      0.787       4671.086    1732.887    8828.206    
W929    4810.057    98.831      0.575       5483.275    2034.194    10363.217   
W930    2622.464    70.330      1.284       2989.505    1109.051    5650.070    
W931    5002.028    89.517      0.329       5702.114    2115.379    10776.816   
W932    2507.067    70.032      0.304       2857.957    1060.250    5401.450    
W933    6270.211    124.620     0.910       7147.792    2651.699    13509.104   
W934    5761.651    109.548     0.813       6568.055    2436.627    12413.417   
W935    3508.326    95.283      1.799       3999.353    1483.686    7558.651    
W936    4778.376    98.420      1.666       5447.160    2020.796    10294.962   
W937    6679.312    127.905     0.717       7614.151    2824.710    14390.507   
W938    4604.418    106.222     0.167       5248.854    1947.228    9920.170    
W939    3186.599    76.557      1.748       3632.597    1347.626    6865.494    
W940    5738.378    105.871     0.634       6541.524    2426.785    12363.274   
W941    5404.340    106.287     0.794       6160.734    2285.519    11643.594   
W942    1650.921    63.729      3.414       1881.984    698.182     3556.891    
W943    5565.624    105.223     0.712       6344.591    2353.726    11991.078   
W944    2709.148    81.041      0.259       3088.322    1145.710    5836.831    
W945    1708.495    64.423      3.409       1947.616    722.530     3680.934    
W946    8120.307    132.516     0.470       9256.828    3434.113    17495.115   
W947    6979.653    122.145     1.160       7956.529    2951.725    15037.589   
W948    6869.662    116.419     0.846       7831.143    2905.209    14800.613   
W949    6147.428    126.749     0.460       7007.824    2599.774    13244.568   
W950    6168.768    119.251     0.606       7032.151    2608.798    13290.545   
W951    4372.216    99.600      1.033       4984.153    1849.029    9419.893    
W952    6020.067    110.621     0.813       6862.638    2545.912    12970.171   
W953    6316.572    115.335     0.105       7200.643    2671.306    13608.988   
W954    5298.858    98.770      1.313       6040.488    2240.910    11416.333   
W955    4794.310    103.946     1.614       5465.323    2027.534    10329.289   
W956    5456.878    117.659     1.143       6220.625    2307.737    11756.786   
W957    5916.204    119.263     0.428       6744.238    2501.988    12746.398   
W958    8291.438    136.371     0.696       9451.912    3506.485    17863.816   
W959    4813.879    102.960     0.890       5487.632    2035.810    10371.452   
W960    6254.755    126.722     0.672       7130.173    2645.163    13475.804   
W961    6556.058    120.750     0.624       7473.647    2772.585    14124.958   
W962    5220.851    113.280     0.719       5951.563    2207.920    11248.268   
W963    6824.565    129.073     1.189       7779.734    2886.138    14703.454   
W964    3685.327    87.701      1.008       4201.127    1558.541    7939.999    
W965    6270.510    123.754     0.815       7148.133    2651.826    13509.747   
W966    6912.884    114.157     1.162       7880.414    2923.488    14893.735   
W967    7789.673    122.163     1.862       8879.919    3294.286    16782.770   
W968    3645.359    87.334      0.561       4155.565    1541.638    7853.888    
W969    7637.394    149.500     0.415       8706.326    3229.887    16454.684   
W970    5135.881    101.442     1.338       5854.702    2171.986    11065.202   
W971    5170.910    99.665      0.589       5894.632    2186.800    11140.670   
W972    5118.608    110.404     0.383       5835.011    2164.682    11027.987   
W973    5307.334    116.878     1.829       6050.151    2244.495    11434.596   
W974    2740.470    75.727      0.526       3124.028    1158.957    5904.314    
W975    3277.566    86.743      0.513       3736.296    1386.097    7061.481    
W976    5003.222    108.155     1.579       5703.475    2115.884    10779.390   
W977    7228.953    123.964     0.963       8240.720    3057.155    15574.702   
W978    2951.874    85.222      1.302       3365.020    1248.360    6359.781    
W979    807.060     64.849      9.650       920.016     341.309     1738.801    
W980    3634.127    91.943      0.360       4142.761    1536.888    7829.688    
W981    5159.172    103.334     0.953       5881.252    2181.836    11115.381   
W982    6055.966    120.940     0.946       6903.562    2561.094    13047.516   
W983    4955.953    107.568     1.482       5649.590    2095.894    10677.548   
W984    8438.892    148.166     1.144       9620.003    3568.844    18181.502   
W985    5655.627    115.585     1.034       6447.191    2391.789    12184.989   
W986    6696.949    115.684     1.368       7634.257    2832.169    14428.506   
W987    3683.704    84.619      1.125       4199.277    1557.854    7936.501    
W988    2187.874    64.992      0.124       2494.090    925.261     4713.751    
W989    4327.840    100.713     0.588       4933.566    1830.262    9324.285    
W990    3693.683    90.373      0.842       4210.652    1562.074    7958.000    
W991    5130.250    102.863     0.466       5848.281    2169.604    11053.068   
W992    5964.921    111.186     0.524       6799.774    2522.591    12851.359   
W993    3753.625    90.501      0.697       4278.984    1587.424    8087.146    
W994    4327.078    89.993      0.957       4932.698    1829.940    9322.645    
W995    4537.629    94.953      0.896       5172.718    1918.983    9776.274    
W996    7220.868    113.259     1.325       8231.504    3053.736    15557.284   
W997    5338.395    101.759     0.249       6085.559    2257.630    11501.515   
W998    5865.066    103.256     0.669       6685.944    2480.362    12636.224   
W999    5538.020    113.386     0.591       6313.124    2342.052    11931.605   
W1000   7006.010    129.263     0.799       7986.574    2962.872    15094.374   
W1001   8222.252    131.541     0.471       9373.042    3477.226    17714.756   
W1002   6489.618    125.563     0.288       7397.907    2744.487    13981.812   
W1003   4360.781    105.029     1.185       4971.118    1844.193    9395.257    
W1004   7760.058    138.402     0.796       8846.159    3281.762    16718.963   
W1005   6760.688    122.756     1.713       7706.916    2859.124    14565.830   
W1006   5330.302    107.149     0.987       6076.333    2254.208    11484.080   
W1007   7051.344    124.637     0.837       8038.253    2982.044    15192.047   
W1008   3657.102    85.565      2.032       4168.952    1546.604    7879.188    
W1009   4758.899    108.851     0.835       5424.957    2012.559    10252.998   
W1010   5707.308    119.352     1.159       6506.105    2413.645    12296.335   
W1011   8247.151    138.286     1.604       9401.426    3487.756    17768.400   
W1012   9568.651    160.347     1.375       10907.884   4046.624    20615.559   
W1013   6723.185    132.875     0.844       7664.165    2843.264    14485.030   
W1014   4651.496    96.892      0.595       5302.521    1967.138    10021.600   
W1015   5874.152    115.859     1.071       6696.301    2484.204    12655.799   
W1016   5155.628    101.152     0.319       5877.212    2180.337    11107.747   
W1017   4363.453    96.742      0.440       4974.164    1845.323    9401.014    
W1018   4842.190    100.078     0.410       5519.905    2047.783    10432.447   
W1019   8025.680    114.940     3.113       9148.957    3394.094    17291.242   
W1020   8081.773    110.663     0.768       9212.902    3417.817    17412.096   
W1021   7071.318    119.518     0.317       8061.022    2990.491    15235.079   
W1022   5670.028    112.846     1.407       6463.608    2397.879    12216.016   
W1023   7159.043    120.526     0.301       8161.026    3027.590    15424.082   
W1024   4170.848    98.886      1.028       4754.601    1763.869    8986.047    
W1025   8371.613    130.841     0.617       9543.308    3540.391    18036.553   
W1026   6916.129    126.415     1.536       7884.113    2924.861    14900.727   
W1027   6036.290    110.829     0.951       6881.132    2552.773    13005.123   
W1028   5561.730    106.271     0.378       6340.152    2352.080    11982.688   
W1029   5323.495    107.594     0.761       6068.573    2251.329    11469.413   
W1030   3233.514    91.936      0.751       3686.078    1367.467    6966.572    
W1031   5585.525    99.233      1.494       6367.278    2362.143    12033.955   
W1032   6185.341    112.862     1.193       7051.044    2615.807    13326.253   
W1033   4424.384    88.452      1.514       5043.623    1871.091    9532.288    
W1034   6643.114    117.346     2.402       7572.887    2809.402    14312.520   
W1035   7121.043    111.563     0.609       8117.708    3011.520    15342.213   
W1036   6704.168    122.649     0.403       7642.487    2835.222    14444.060   
W1037   4408.804    108.462     2.050       5025.862    1864.502    9498.722    
W1038   6348.927    117.325     0.491       7237.525    2684.989    13678.695   
W1039   4785.896    91.416      0.247       5455.732    2023.976    10311.162   
W1040   5283.661    109.737     0.438       6023.165    2234.483    11383.592   
W1041   6147.615    112.303     0.480       7008.038    2599.853    13244.971   
W1042   5622.785    104.670     1.525       6409.752    2377.900    12114.231   
W1043   8750.679    149.022     0.718       9975.428    3700.700    18853.244   
W1044   2788.833    79.588      0.404       3179.160    1179.410    6008.512    
W1045   8877.604    152.795     1.589       10120.118   3754.377    19126.705   
W1046   6704.547    117.972     0.423       7642.918    2835.382    14444.876   
W1047   4855.119    112.006     1.065       5534.643    2053.250    10460.302   
W1048   6605.055    116.215     1.579       7529.501    2793.306    14230.521   
W1049   5424.454    107.537     1.115       6183.663    2294.025    11686.928   
W1050   5997.112    114.526     0.658       6836.470    2536.204    12920.714   
W1051   9537.284    151.235     0.730       10872.127   4033.359    20547.979   
W1052   5416.851    111.118     1.096       6174.995    2290.809    11670.547   
W1053   9129.225    147.649     1.308       10406.955   3860.788    19668.818   
W1054   6834.527    123.278     0.435       7791.090    2890.351    14724.916   
W1055   6057.837    114.672     1.138       6905.695    2561.885    13051.547   
W1056   5644.249    105.388     2.055       6434.220    2386.977    12160.474   
W1057   6182.602    115.980     0.482       7047.922    2614.649    13320.351   
W1058   7291.699    113.506     0.783       8312.249    3083.691    15709.889   
W1059   3853.726    86.782      1.066       4393.095    1629.757    8302.812    
W1060   4599.001    114.217     1.021       5242.680    1944.938    9908.500    
W1061   1964.728    71.870      0.344       2239.713    830.892     4232.986    
W1062   5701.772    107.705     0.974       6499.795    2411.304    12284.408   
W1063   4944.533    107.133     1.294       5636.572    2091.064    10652.944   
W1064   3966.332    100.492     0.459       4521.461    1677.379    8545.420    
W1065   6049.819    114.055     0.984       6896.554    2558.494    13034.271   
W1066   6352.245    119.214     0.929       7241.308    2686.392    13685.844   
W1067   5059.024    99.811      1.481       5767.087    2139.483    10899.613   
W1068   4660.275    107.994     0.680       5312.529    1970.850    10040.513   
W1069   7190.109    119.013     0.889       8196.440    3040.728    15491.015   
W1070   4899.373    106.624     0.493       5585.091    2071.966    10555.647   
W1071   2461.397    69.372      2.064       2805.895    1040.935    5303.054    
W1072   1866.240    68.688      1.285       2127.440    789.241     4020.795    
W1073   6280.584    111.848     1.460       7159.618    2656.086    13531.453   
W1074   6056.201    108.037     1.428       6903.829    2561.193    13048.021   
W1075   2082.742    63.533      2.836       2374.244    880.801     4487.246    
W1076   5189.013    96.808      1.775       5915.270    2194.456    11179.674   
W1077   4951.665    99.583      0.296       5644.702    2094.081    10668.310   
W1078   5291.130    116.357     1.026       6031.679    2237.642    11399.684   
W1079   8016.716    128.943     2.010       9138.739    3390.304    17271.930   
W1080   7149.824    128.715     1.928       8150.517    3023.691    15404.221   
W1081   5698.519    110.578     0.785       6496.086    2409.928    12277.399   
W1082   5522.146    113.327     1.735       6295.028    2335.340    11897.406   
W1083   4603.914    101.840     0.606       5248.279    1947.015    9919.083    
W1084   6590.213    112.168     0.756       7512.583    2787.030    14198.545   
W1085   5615.482    105.263     0.550       6401.427    2374.812    12098.496   
W1086   7259.222    125.453     0.732       8275.226    3069.956    15639.917   
W1087   7149.438    122.564     0.493       8150.077    3023.528    15403.390   
W1088   10091.036   154.137     1.119       11503.382   4267.542    21741.031   
W1089   5681.949    113.218     1.511       6477.197    2402.921    12241.698   
W1090   6896.581    112.659     0.831       7861.829    2916.594    14858.610   
W1091   3558.676    88.441      0.684       4056.750    1504.979    7667.130    
W1092   3062.455    76.284      0.417       3491.077    1295.125    6598.026    
W1093   2633.618    73.535      0.096       3002.221    1113.769    5674.103    
W1094   4480.592    91.466      0.485       5107.697    1894.862    9653.388    
W1095   4185.581    87.948      0.664       4771.397    1770.100    9017.790    
W1096   3618.564    75.245      2.806       4125.020    1530.306    7796.158    
W1097   4010.685    76.567      1.316       4572.022    1696.136    8640.979    
W1098   3080.216    78.033      0.819       3511.325    1302.637    6636.293    
W1099   4448.934    89.209      0.546       5071.609    1881.473    9585.182    
W1100   4365.476    89.823      0.595       4976.469    1846.178    9405.371    
W1101   7018.097    152.682     0.671       8000.353    2967.983    15120.415   
W1102   4849.721    91.574      0.475       5528.490    2050.968    10448.672   
W1103   3476.093    87.488      0.978       3962.609    1470.055    7489.206    
W1104   7087.469    118.298     0.549       8079.434    2997.321    15269.877   
W1105   1088.609    53.665      4.879       1240.971    460.378     2345.397    
W1106   3197.896    81.368      0.201       3645.475    1352.404    6889.833    
W1107   5357.996    99.852      0.974       6107.903    2265.920    11543.746   
W1108   2222.136    71.202      0.473       2533.147    939.751     4787.569    
W1109   3265.565    79.644      0.788       3722.615    1381.021    7035.625    
W1110   4096.742    96.782      1.423       4670.124    1732.530    8826.387    
W1111   6657.443    116.887     0.568       7589.221    2815.461    14343.391   
W1112   2205.924    70.761      0.723       2514.667    932.895     4752.641    
W1113   8805.114    152.334     0.800       10037.481   3723.721    18970.525   
W1114   3460.270    86.743      0.227       3944.570    1463.363    7455.114    
W1115   3514.170    93.875      0.678       4006.015    1486.158    7571.242    
W1116   7508.397    111.390     1.132       8559.275    3175.333    16176.762   
W1117   7881.656    120.566     0.326       8984.776    3333.186    16980.945   
W1118   6787.322    112.622     1.113       7737.278    2870.388    14623.213   
W1119   7105.688    149.375     0.510       8100.204    3005.026    15309.131   
W1120   9782.009    192.242     1.088       11151.103   4136.854    21075.234   
W1121   5719.969    109.203     1.404       6520.538    2419.000    12323.612   
W1122   5269.487    100.635     1.090       6007.006    2228.489    11353.054   
W1123   7846.834    124.725     0.938       8945.081    3318.460    16905.922   
W1125   3636.401    80.618      0.419       4145.354    1537.850    7834.588    
W1126   4426.489    91.718      0.471       5046.022    1871.981    9536.824    
W1127   5257.676    94.739      0.600       5993.542    2223.494    11327.606   
W1128   5305.532    92.935      1.310       6048.097    2243.732    11430.713   
W1129   4448.861    87.395      1.245       5071.526    1881.443    9585.024    
W1130   3968.202    86.123      0.294       4523.593    1678.170    8549.449    
W1131   4575.070    101.762     1.094       5215.398    1934.817    9856.939    
W1132   2502.221    72.242      0.403       2852.433    1058.200    5391.009    
W1133   3506.287    89.205      1.227       3997.028    1482.824    7554.258    
W1134   4663.831    100.145     1.107       5316.583    1972.354    10048.174   
W1135   3715.789    93.670      1.240       4235.853    1571.423    8005.628    
W1136   4183.172    105.685     0.991       4768.650    1769.081    9012.600    
W1137   4635.501    102.609     0.478       5284.288    1960.374    9987.139    
W1138   5414.748    124.564     0.901       6172.599    2289.920    11666.018   
W1139   2976.990    89.402      0.325       3393.651    1258.982    6413.895    
W1140   4627.994    116.968     0.719       5275.730    1957.199    9970.965    
W1141   2453.335    72.369      0.391       2796.705    1037.526    5285.684    
W1142   4925.491    109.635     0.418       5614.865    2083.011    10611.918   
W1143   5784.509    117.787     0.352       6594.112    2446.294    12462.664   
W1144   4749.348    106.459     1.151       5414.069    2008.520    10232.420   
W1145   5276.676    112.202     0.524       6015.202    2231.529    11368.543   
W1146   5963.241    116.583     0.403       6797.859    2521.880    12847.740   
W1147   2701.432    74.121      0.787       3079.525    1142.447    5820.207    
W1148   5166.496    100.676     0.163       5889.601    2184.933    11131.161   
W1149   4651.724    94.327      0.562       5302.781    1967.234    10022.091   
W1150   1750.794    60.065      0.418       1995.836    740.419     3772.068    
W1151   4810.965    95.149      0.587       5484.310    2034.578    10365.174   
W1152   6601.491    103.672     1.629       7525.438    2791.799    14222.842   
W1153   4992.247    92.591      0.280       5690.964    2111.243    10755.743   
W1154   8481.421    127.770     0.771       9668.484    3586.829    18273.131   
W1155   5729.781    106.501     0.165       6531.724    2423.149    12344.753   
W1156   7380.388    127.555     0.315       8413.351    3121.198    15900.969   
